%YAML:1.0
---
camera_matrix: !!opencv-matrix
   rows: 3
   cols: 3
   dt: d
   data: [ 750., 0., 960., 0.,
       750., 540., 0., 0., 1. ]
distortion_coefficients: !!opencv-matrix
   rows: 1
   cols: 5
   dt: d
   data: [ -6.9815884747413623e-03, -9.480017169427638e-03,
       3.7184153213469325e-03, 1.8330305123837845e-03,
       -1.3004603179106138e-03 ]
