%YAML:1.0
---
camera_matrix: !!opencv-matrix
   rows: 3
   cols: 3
   dt: d
   data: [ 1.5273623210537321e+03, 0., 1920., 0.,
       1.5265662864152155e+03, 1080., 0., 0., 1. ]
distortion_coefficients: !!opencv-matrix
   rows: 1
   cols: 5
   dt: d
   data: [ 2.8826747799192065e-03, 1.4239077288955013e-03,
       9.6637858382375708e-04, 1.3927386496807863e-03,
       2.6028800827043437e-04 ]
