%YAML:1.0
---
camera_matrix: !!opencv-matrix
   rows: 3
   cols: 3
   dt: d
   data: [ 7.6658080374043232e+02, 0., 9.5907874362337168e+02, 0.,
       7.6817704136845362e+02, 5.4153919922917692e+02, 0., 0., 1. ]
distortion_coefficients: !!opencv-matrix
   rows: 1
   cols: 5
   dt: d
   data: [ 1.1002521183913320e-03, 1.7327852002868153e-03,
       -1.3299192042558991e-04, 4.8581045610386163e-05,
       -6.1971121030387122e-04 ]
